-1
0.0 15.0 0.0
0.0 0.0 0.0
0
0.0 15.0 0.0
0.0 0.0 0.0
0
-7.5 12.0 0.0
0.0 0.0 0.0
2
-10.0 0.0 0.0
0.0 0.0 0.0
0
7.5 12.0 0.0
0.0 0.0 0.0
4
10.0 0.0 0.0
0.0 0.0 0.0
0
-4.0 0.0 0.0
0.0 0.0 0.0
6
0.0 -10.0 0.0
0.0 0.0 0.0
0
4.0 0.0 0.0
0.0 0.0 0.0
8
0.0 -10.0 0.0
0.0 0.0 0.0
3
-3.0 0.0 0.0
0.0 0.0 0.0
2
40
0.00 -0.68 0.00
-0.16 0.54 0.00
0.00 0.00 0.00
0.04 -0.39 0.00
0.00 0.00 0.00
-0.07 -1.80 0.27
0.00 0.00 0.00
0.00 -0.88 -0.17
0.00 0.00 0.00
0.00 2.04 -0.18
0.00 0.00 0.00
0.00 0.36 0.01
0.00 0.50 0.00
0.19 -0.31 -0.22
0.00 0.00 0.00
-0.03 -0.09 0.16
0.00 0.50 0.00
0.15 -0.69 0.09
0.00 0.00 0.00
0.01 0.00 -0.16
0.00 0.00 0.00
0.00 0.00 0.00
40
0.00 -1.00 0.00
-0.16 0.60 0.00
0.00 0.00 0.00
0.00 -0.44 0.00
0.00 0.00 0.00
-0.09 -1.82 0.22
0.00 0.00 0.00
0.00 -0.91 -0.25
0.00 0.00 0.00
0.00 1.95 -0.10
0.00 0.00 0.00
0.00 0.53 0.00
0.00 0.50 0.00
0.19 -0.41 -0.25
0.00 0.00 0.00
-0.03 -0.18 0.16
0.00 0.50 0.00
0.15 -0.72 0.15
0.00 0.00 0.00
-0.12 0.00 -0.28
0.00 0.00 0.00
0.00 0.00 0.00
2
20
0.00 0.00 0.00
-0.344 0.003 0.00
0.0 0.0 0.0
0.251 -0.001 0.00
0.0 0.0 0.0
-0.497 -0.289 1.554
0.0 0.0 0.0
1.336 -0.308 -0.049
0.0 0.0 0.0
-0.011 1.433 -0.029
0.0 0.0 0.0
0.0 0.0 0.0
1.147 0.0 0.0
0.0 0.0 0.0
-0.796 0.0 0.0
0.0 0.0 0.0
-0.519 0.0 0.0
0.0 0.0 0.0
-0.015 0.0 0.0
0.0 0.0 0.0
-0.537 -0.270 0.566
20
0.0 -1.0 0.0
-0.345 0.0 0.0
0.0 0.0 0.0
0.251 0.0 0.0
0.0 0.0 0.0
-0.031 -0.251 1.350
0.0 0.0 0.0
0.879 -0.125 0.031
0.0 0.0 0.0
-0.628 1.822 -1.947
0.0 0.0 0.0
-0.031 1.476 1.633
0.0 0.5 0.0
0.0 0.0 0.0
0.345 0.0 0.0
0.0 0.5 0.0
1.696 0.0 0.0
0.0 0.0 0.0
-0.722 0.0 0.0
0.0 0.0 0.0
0.0 0.0 0.0
