0 0
-50.0 0.0 0.0
1 0
-50.0 0.0 100.0
2 0
-50.0 0.0 200.0
3 0
-50.0 0.0 300.0
4 0
-50.0 0.0 400.0
5 0
-50.0 0.0 500.0
6 0
-50.0 0.0 600.0
7 0
-50.0 0.0 700.0
8 0
-50.0 0.0 800.0
9 0
-50.0 0.0 900.0
10 0
50.0 0.0 0.0
11 0
50.0 0.0 100.0
12 0
50.0 0.0 200.0
13 0
50.0 0.0 300.0
14 0
50.0 0.0 400.0
15 0
50.0 0.0 500.0
16 0
50.0 0.0 600.0
17 0
50.0 0.0 700.0
18 0
50.0 0.0 800.0
19 0
50.0 0.0 900.0
20 1
-50.0 0.0 0.0
21 1
-550.0 0.0 1000.0
22 1
-450.0 0.0 1000.0
23 1
-350.0 0.0 1000.0
24 1
-250.0 0.0 1000.0
25 1
-150.0 0.0 1000.0
26 1
-50.0 0.0 1000.0
27 1
50.0 0.0 1000.0
28 1
150.0 0.0 1000.0
29 1
250.0 0.0 1000.0
30 1
350.0 0.0 1000.0
31 1
450.0 0.0 1000.0
32 1
550.0 0.0 1000.0
33 1
0.0 0.0 1000.0
34 1
100.0 0.0 1000.0
35 1
200.0 0.0 1000.0
36 1
300.0 0.0 1000.0
37 1
400.0 0.0 1000.0
38 1
500.0 0.0 1000.0
39 1
-100.0 0.0 1000.0
40 1
-200.0 0.0 1000.0
41 1
-300.0 0.0 1000.0
42 1
-400.0 0.0 1000.0
43 1
-500.0 0.0 1000.0