-5000.0 0.0 -5000
-5000.0 0.0 -4750
-5000.0 0.0 -4500
-5000.0 0.0 -4250
-5000.0 0.0 -4000
-5000.0 0.0 -3750
-5000.0 0.0 -3500
-5000.0 0.0 -3250
-5000.0 0.0 -3000
-5000.0 0.0 -2750
-5000.0 0.0 -2500
-5000.0 0.0 -2250
-5000.0 0.0 -2000
-5000.0 0.0 -1750
-5000.0 0.0 -1500
-5000.0 0.0 -1250
-5000.0 0.0 -1000
-5000.0 0.0 -750
-5000.0 0.0 -500
-5000.0 0.0 -250
-5000.0 0.0 0.0
-5000.0 0.0 250
-5000.0 0.0 500
-5000.0 0.0 750
-5000.0 0.0 1000
-5000.0 0.0 1250
-5000.0 0.0 1500
-5000.0 0.0 1750
-5000.0 0.0 2000
-5000.0 0.0 2250
-5000.0 0.0 2500
-5000.0 0.0 2750
-5000.0 0.0 3000
-5000.0 0.0 3250
-5000.0 0.0 3500
-5000.0 0.0 3750
-5000.0 0.0 4000
-5000.0 0.0 4250
-5000.0 0.0 4500
-5000.0 0.0 4750
-5000.0 0.0 5000
5000.0 0.0 -5000
5000.0 0.0 -4750
5000.0 0.0 -4500
5000.0 0.0 -4250
5000.0 0.0 -4000
5000.0 0.0 -3750
5000.0 0.0 -3500
5000.0 0.0 -3250
5000.0 0.0 -3000
5000.0 0.0 -2750
5000.0 0.0 -2500
5000.0 0.0 -2250
5000.0 0.0 -2000
5000.0 0.0 -1750
5000.0 0.0 -1500
5000.0 0.0 -1250
5000.0 0.0 -1000
5000.0 0.0 -750
5000.0 0.0 -500
5000.0 0.0 -250
5000.0 0.0 0.0
5000.0 0.0 250
5000.0 0.0 500
5000.0 0.0 750
5000.0 0.0 1000
5000.0 0.0 1250
5000.0 0.0 1500
5000.0 0.0 1750
5000.0 0.0 2000
5000.0 0.0 2250
5000.0 0.0 2500
5000.0 0.0 2750
5000.0 0.0 3000
5000.0 0.0 3250
5000.0 0.0 3500
5000.0 0.0 3750
5000.0 0.0 4000
5000.0 0.0 4250
5000.0 0.0 4500
5000.0 0.0 4750
5000.0 0.0 5000
-5000 0.0 5000.0
-4750 0.0 5000.0
-4500 0.0 5000.0
-4250 0.0 5000.0
-4000 0.0 5000.0
-3750 0.0 5000.0
-3500 0.0 5000.0
-3250 0.0 5000.0
-3000 0.0 5000.0
-2750 0.0 5000.0
-2500 0.0 5000.0
-2250 0.0 5000.0
-2000 0.0 5000.0
-1750 0.0 5000.0
-1500 0.0 5000.0
-1250 0.0 5000.0
-1000 0.0 5000.0
-750 0.0 5000.0
-500 0.0 5000.0
-250 0.0 5000.0
0.0 0.0 5000.0
250 0.0 5000.0
500 0.0 5000.0
750 0.0 5000.0
1000 0.0 5000.0
1250 0.0 5000.0
1500 0.0 5000.0
1750 0.0 5000.0
2000 0.0 5000.0
2250 0.0 5000.0
2500 0.0 5000.0
2750 0.0 5000.0
3000 0.0 5000.0
3250 0.0 5000.0
3500 0.0 5000.0
3750 0.0 5000.0
4000 0.0 5000.0
4250 0.0 5000.0
4500 0.0 5000.0
4750 0.0 5000.0
5000 0.0 5000.0
-5000 0.0 -5000.0
-4750 0.0 -5000.0
-4500 0.0 -5000.0
-4250 0.0 -5000.0
-4000 0.0 -5000.0
-3750 0.0 -5000.0
-3500 0.0 -5000.0
-3250 0.0 -5000.0
-3000 0.0 -5000.0
-2750 0.0 -5000.0
-2500 0.0 -5000.0
-2250 0.0 -5000.0
-2000 0.0 -5000.0
-1750 0.0 -5000.0
-1500 0.0 -5000.0
-1250 0.0 -5000.0
-1000 0.0 -5000.0
-750 0.0 -5000.0
-500 0.0 -5000.0
-250 0.0 -5000.0
0.0 0.0 -5000.0
250 0.0 -5000.0
500 0.0 -5000.0
750 0.0 -5000.0
1000 0.0 -5000.0
1250 0.0 -5000.0
1500 0.0 -5000.0
1750 0.0 -5000.0
2000 0.0 -5000.0
2250 0.0 -5000.0
2500 0.0 -5000.0
2750 0.0 -5000.0
3000 0.0 -5000.0
3250 0.0 -5000.0
3500 0.0 -5000.0
3750 0.0 -5000.0
4000 0.0 -5000.0
4250 0.0 -5000.0
4500 0.0 -5000.0
4750 0.0 -5000.0
5000 0.0 -5000.0
