2
50
0.00 0.00 0.00
0.13 0.00 0.00
0.00 0.00 0.00
-0.10 0.00 0.00
0.00 0.00 0.00
0.00 0.28 0.69
0.00 0.00 0.00
0.00 -0.25 0.00
0.00 0.00 0.00
0.00 -0.28 -0.69
0.00 0.00 0.00
0.00 0.25 0.00
0.00 0.00 0.00
-0.16 0.06 -0.25
0.00 0.00 0.00
0.00 0.00 0.00
0.00 0.00 0.00
-0.16 -0.06 0.25
0.00 0.00 0.00
0.00 0.00 0.00
50
0.00 -1.00 0.00
-0.09 0.00 0.00
0.00 0.00 0.00
-0.06 0.00 0.00
0.00 0.00 0.00
0.00 -0.25 0.95
0.00 0.00 0.00
0.00 -0.53 0.00
0.00 0.00 0.00
0.00 0.25 -0.95
0.00 0.00 0.00
0.00 0.53 0.00
0.00 0.50 0.00
0.12 0.06 -0.22
0.00 0.00 0.00
0.00 -0.18 0.00
0.00 0.50 0.00
0.12 -0.06 0.22
0.00 0.00 0.00
-0.18 0.00 0.00
4
8
0.00 1.00 0.00
-0.37 -0.16 0.00
0.00 0.00 0.00
0.12 -0.25 0.00
0.00 0.00 0.00
1.51 0.00 1.09
0.00 0.00 0.00
0.00 -1.09 0.00
0.00 0.00 0.00
-1.32 0.00 -1.09
0.00 0.00 0.00
0.00 1.09 0.00
0.00 0.00 0.00
-1.06 0.00 0.00
0.00 0.00 0.00
-0.97 0.00 0.00
0.00 0.00 0.00
1.51 0.00 0.00
0.00 0.00 0.00
0.00 0.00 0.00
8
0.00 -2.30 0.00
-0.53 -0.25 0.00
0.00 0.00 0.00
-0.07 -0.16 0.00
0.00 0.00 0.00
1.42 0.00 1.09
0.00 0.00 0.00
0.00 -0.90 0.00
0.00 0.00 0.00
-1.45 0.00 -1.09
0.00 0.00 0.00
0.00 0.81 0.00
0.00 0.00 0.00
-0.75 0.00 0.00
0.00 0.00 0.00
-0.09 0.00 0.00
0.00 0.00 0.00
1.16 0.09 0.00
0.00 0.00 0.00
-0.44 0.00 0.00
8
0.00 1.00 0.00
-0.37 0.14 0.00
0.00 0.00 0.00
0.16 0.25 0.00
0.00 0.00 0.00
-1.14 0.00 1.09
0.00 0.00 0.00
0.00 -1.09 0.00
0.00 0.00 0.00
1.52 0.00 -1.09
0.00 0.00 0.00
0.00 1.09 0.00
0.00 0.00 0.00
1.51 0.00 0.00
0.00 0.00 0.00
-0.05 0.00 0.00
0.00 0.00 0.00
-1.07 0.00 0.00
0.00 0.00 0.00
-0.92 0.00 0.00
8
0.00 -2.30 0.00
-0.53 0.23 0.00
0.00 0.00 0.00
-0.06 0.16 0.00
0.00 0.00 0.00
-1.27 0.00 1.09
0.00 0.00 0.00
0.00 -0.84 0.00
0.00 0.00 0.00
1.33 0.00 -1.09
0.00 0.00 0.00
0.00 0.59 0.00
0.00 0.00 0.00
1.16 -0.09 0.00
0.00 0.00 0.00
-0.43 0.00 0.00
0.00 0.00 0.00
-0.76 0.00 0.00
0.00 0.00 0.00
-0.07 0.00 0.00
2
50
0.00 0.00 0.00
0.09 0.00 0.00
0.00 0.00 0.00
-0.09 0.00 0.00
0.00 0.00 0.00
-0.41 0.00 1.45
0.00 0.00 0.00
0.03 -0.44 0.00
0.00 0.00 0.00
0.47 0.00 -1.48
0.00 0.00 0.00
0.03 0.16 0.00
0.00 0.00 0.00
0.44 0.00 0.00
0.00 0.00 0.00
-0.57 0.00 0.00
0.00 0.00 0.00
-0.60 0.00 0.00
0.00 0.00 0.00
0.47 0.00 0.00
50
0.00 0.00 0.00
0.06 0.00 0.00
0.00 0.00 0.00
0.00 0.00 0.00
0.00 0.00 0.00
0.28 0.00 1.41
0.00 0.00 0.00
0.00 -0.25 0.00
0.00 0.00 0.00
-0.38 0.03 -1.41
0.00 0.00 0.00
-0.00 0.53 0.00
0.00 0.00 0.00
-0.50 0.00 0.00
0.00 0.00 0.00
0.50 0.00 0.00
0.00 0.00 0.00
0.50 0.00 0.00
0.00 0.00 0.00
-0.44 0.00 0.00
3
10
0.00 0.00 0.00
0.09 0.53 0.00
0.00 0.00 0.00
-0.09 -0.38 0.03
0.00 0.00 0.00
0.19 0.82 -0.35
0.00 0.00 0.00
0.00 -1.01 0.00
0.00 0.00 0.00
0.00 1.32 0.00
0.00 0.00 0.00
0.00 0.19 0.00
0.00 0.00 0.00
-0.44 -0.25 0.03
0.00 0.00 0.00
0.41 0.00 0.00
0.00 0.00 0.00
0.47 -0.41 0.00
0.00 0.00 0.0010
-0.53 -0.00 0.00
10
0.00 0.00 0.0
-0.03 0.00 0.00
0.00 0.00 0.00
0.06 0.00 0.00
0.00 0.00 0.00
-0.19 -1.01 -0.57
0.00 0.00 0.00
0.00 -0.72 0.31
0.00 0.00 0.00
-0.19 0.60 -0.57
0.00 0.00 0.00
0.00 0.00 -0.47
0.00 0.00 0.00
-0.03 0.03 -0.35
0.00 0.00 0.00
-0.50 -0.03 0.13
0.00 0.00 0.00
0.38 0.00 0.00
0.00 0.00 0.00
-0.57 0.00 0.00
10
0.00 0.00 0.0
-0.16 -0.22 0.00
0.00 0.00 0.00
0.22 0.22 0.00
0.00 0.00 0.00
0.00 -1.73 0.47
0.00 0.00 0.00
0.00 -0.53 0.00
0.00 0.00 0.00
-0.35 0.00 -0.94
0.00 0.00 0.00
0.00 0.38 0.00
0.00 0.00 0.00
0.79 0.22 0.00
0.00 0.00 0.00
-0.75 0.00 0.00
0.00 0.00 0.00
-0.38 0.00 0.00
0.00 0.00 0.00
0.60 0.00 0.00
